480 250 150 1
450 490 300 2
200 480 470 3
300 200 450 1
420 130 380 1
490 400 70 2
480 490 300 2
380 180 450 3
320 470 110 2
460 350 100 1
150 490 400 2
450 460 120 1
340 480 310 2
420 490 180 2
390 160 410 3
470 320 140 1
480 490 70 2
380 120 480 3
440 340 190 1
370 300 470 2
460 480 130 2
490 200 480 1
420 480 200 2
490 480 180 2
470 200 450 1
490 480 200 2
400 490 160 2
420 480 230 2
490 470 240 1
470 490 250 2
490 150 460 3
470 490 270 2
480 490 300 2
490 470 320 2
490 480 140 1
470 490 200 2
480 490 260 2
490 180 470 1
490 470 300 2
490 120 480 2
480 490 170 2
490 470 200 1
470 490 300 2
490 480 220 2
490 470 340 2
470 490 250 1
490 200 480 2
480 490 130 2
490 170 460 1
490 470 300 2
490 160 420 2
470 490 280 1
490 180 470 2
490 470 200 3
490 470 280 3
390 450 290 2
470 100 400 1
320 490 400 2
300 490 380 2
480 200 430 1
480 250 470 3
450 480 160 2
490 380 100 1
480 490 300 2
490 120 480 3
470 480 220 2
320 490 250 2
400 490 120 2
390 420 150 1
470 300 450 2
490 480 180 2
460 470 210 1
480 490 240 2
470 490 260 2
490 160 420 1
460 420 150 2
490 470 310 2
400 490 160 3
470 490 210 2
490 450 100 2
460 470 220 1
490 480 250 2
90 50 80 2
70 80 60 1
85 95 70 3
60 90 85 2
75 60 50 1
95 70 60 2
80 75 90 2
50 85 70 1
90 65 80 3
60 95 50 2
75 85 90 2
85 70 60 1
95 60 80 2
50 75 65 2
70 80 90 2
60 85 75 1
90 50 80 2
70 95 60 2
80 65 75 1
95 60 70 2
50 85 90 2
90 60 80 1
75 90 50 2
85 70 60 2
95 80 75 1
60 85 90 2
80 65 70 2
50 75 85 1
90 60 80 2
70 95 50 2
85 70 90 1
